- Entities:
  - Argument1: 0
    Argument2: 0
    Command: 0
    Level: 0
    Medal: 0
    ObjectId: 566
    PositionX: 155.68699645996094
    PositionY: 10.000100135803223
    PositionZ: 3.5454719066619873
    ReactionCommand: 0
    RotationX: 0
    RotationY: -1.5707963705062866
    RotationZ: 0
    Serial: 136
    SpawnArgument: 0
    SpawnDelay: 0
    SpawnRange: 0
    SpawnType: 0
  - Argument1: 0
    Argument2: 0
    Command: 0
    Level: 0
    Medal: 0
    ObjectId: 567
    PositionX: 255.68699645996094
    PositionY: 10.000100135803223
    PositionZ: -96.45452880859375
    ReactionCommand: 0
    RotationX: 0
    RotationY: -1.5707963705062866
    RotationZ: 0
    Serial: 137
    SpawnArgument: 0
    SpawnDelay: 0
    SpawnRange: 0
    SpawnType: 0
  - Argument1: 0
    Argument2: 0
    Command: 0
    Level: 0
    Medal: 0
    ObjectId: 568
    PositionX: 255.68699645996094
    PositionY: 10.000100135803223
    PositionZ: 103.54550170898438
    ReactionCommand: 0
    RotationX: 0
    RotationY: -1.5707963705062866
    RotationZ: 0
    Serial: 138
    SpawnArgument: 0
    SpawnDelay: 0
    SpawnRange: 0
    SpawnType: 0
  - Argument1: 4
    Argument2: 0
    Command: 0
    Level: 0
    Medal: 0
    ObjectId: 1656
    PositionX: -194.31300354003906
    PositionY: 10.000100135803223
    PositionZ: 3.5454869270324707
    ReactionCommand: 0
    RotationX: 0
    RotationY: 1.5707961320877075
    RotationZ: 0
    Serial: 139
    SpawnArgument: 0
    SpawnDelay: 0
    SpawnRange: 0
    SpawnType: 3
  - Argument1: 0
    Argument2: 0
    Command: 0
    Level: 0
    Medal: 0
    ObjectId: 1524
    PositionX: 155.68699645996094
    PositionY: 10.000100135803223
    PositionZ: 3.5454719066619873
    ReactionCommand: 0
    RotationX: 0
    RotationY: -1.5707963705062866
    RotationZ: 0
    Serial: 136
    SpawnArgument: 0
    SpawnDelay: 0
    SpawnRange: 0
    SpawnType: 0
  EventActivators: []
  Flag: 0
  Id: 2215
  ReturnParameters: []
  Signals: []
  Teleport:
    Door: 0
    Place: 0
    Unknown: 0
    World: 0
  Type: 1
  Unk20: 0
  Unk24: 0
  WalkPath: []
