- Entities:
  - Argument1: 0
    Argument2: 0
    Command: 0
    Level: 0
    Medal: 0
    ObjectId: 566
    PositionX: 150
    PositionY: 9.999990463256836
    PositionZ: -1.421084963300432e-14
    ReactionCommand: 0
    RotationX: 0
    RotationY: -1.5707963705062866
    RotationZ: 0
    Serial: 143
    SpawnArgument: 0
    SpawnDelay: 0
    SpawnRange: 0
    SpawnType: 0
  - Argument1: 0
    Argument2: 0
    Command: 0
    Level: 0
    Medal: 0
    ObjectId: 567
    PositionX: 250
    PositionY: 9.999994277954102
    PositionZ: -100
    ReactionCommand: 0
    RotationX: 0
    RotationY: -1.5707963705062866
    RotationZ: 0
    Serial: 144
    SpawnArgument: 0
    SpawnDelay: 0
    SpawnRange: 0
    SpawnType: 0
  - Argument1: 0
    Argument2: 0
    Command: 0
    Level: 0
    Medal: 0
    ObjectId: 568
    PositionX: 250
    PositionY: 9.999985694885254
    PositionZ: 100
    ReactionCommand: 0
    RotationX: 0
    RotationY: -1.5707963705062866
    RotationZ: 0
    Serial: 145
    SpawnArgument: 0
    SpawnDelay: 0
    SpawnRange: 0
    SpawnType: 0
  - Argument1: 0
    Argument2: 0
    Command: 0
    Level: 0
    Medal: 0
    ObjectId: 1239
    PositionX: -200
    PositionY: 9.999990463256836
    PositionZ: -1.1368679706403456e-13
    ReactionCommand: 0
    RotationX: 0
    RotationY: 1.5707963705062866
    RotationZ: 0
    Serial: 146
    SpawnArgument: 0
    SpawnDelay: 0
    SpawnRange: 0
    SpawnType: 3
  - Argument1: 0
    Argument2: 0
    Command: 0
    Level: 0
    Medal: 0
    ObjectId: 1524
    PositionX: 150
    PositionY: 9.999990463256836
    PositionZ: -1.421084963300432e-14
    ReactionCommand: 0
    RotationX: 0
    RotationY: -1.5707963705062866
    RotationZ: 0
    Serial: 143
    SpawnArgument: 0
    SpawnDelay: 0
    SpawnRange: 0
    SpawnType: 0
  EventActivators: []
  Flag: 0
  Id: 2343
  ReturnParameters: []
  Signals: []
  Teleport:
    Door: 0
    Place: 0
    Unknown: 0
    World: 0
  Type: 1
  Unk20: 0
  Unk24: 0
  WalkPath: []
