- Entities:
  - Argument1: 0
    Argument2: 0
    Command: 0
    Level: 0
    Medal: 0
    ObjectId: 566
    PositionX: 421.2112121582031
    PositionY: 7.968139834702015e-05
    PositionZ: -647.4052124023438
    ReactionCommand: 0
    RotationX: 0
    RotationY: -2.094395160675049
    RotationZ: 0
    Serial: 90
    SpawnArgument: 0
    SpawnDelay: 0
    SpawnRange: 0
    SpawnType: 0
  - Argument1: 0
    Argument2: 0
    Command: 0
    Level: 0
    Medal: 0
    ObjectId: 567
    PositionX: 457.8138122558594
    PositionY: 7.968139834702015e-05
    PositionZ: -784.0078125
    ReactionCommand: 0
    RotationX: 0
    RotationY: -2.094395160675049
    RotationZ: 0
    Serial: 91
    SpawnArgument: 0
    SpawnDelay: 0
    SpawnRange: 0
    SpawnType: 0
  - Argument1: 0
    Argument2: 0
    Command: 0
    Level: 0
    Medal: 0
    ObjectId: 568
    PositionX: 557.8137817382812
    PositionY: 7.968139834702015e-05
    PositionZ: -610.8026733398438
    ReactionCommand: 0
    RotationX: 0
    RotationY: -2.094395160675049
    RotationZ: 0
    Serial: 92
    SpawnArgument: 0
    SpawnDelay: 0
    SpawnRange: 0
    SpawnType: 0
  - Argument1: 3
    Argument2: 0
    Command: 0
    Level: 0
    Medal: 0
    ObjectId: 1656
    PositionX: 5.801499843597412
    PositionY: 0.0001593627966940403
    PositionZ: -409.45880126953125
    ReactionCommand: 0
    RotationX: 0
    RotationY: 1.0471973419189453
    RotationZ: 0
    Serial: 93
    SpawnArgument: 0
    SpawnDelay: 0
    SpawnRange: 0
    SpawnType: 0
  - Argument1: 0
    Argument2: 0
    Command: 0
    Level: 0
    Medal: 0
    ObjectId: 1524
    PositionX: 421.2112121582031
    PositionY: 7.968139834702015e-05
    PositionZ: -647.4052124023438
    ReactionCommand: 0
    RotationX: 0
    RotationY: -2.094395160675049
    RotationZ: 0
    Serial: 90
    SpawnArgument: 0
    SpawnDelay: 0
    SpawnRange: 0
    SpawnType: 0
  EventActivators: []
  Flag: 0
  Id: 858
  ReturnParameters: []
  Signals: []
  Teleport:
    Door: 0
    Place: 0
    Unknown: 0
    World: 0
  Type: 1
  Unk20: 0
  Unk24: 0
  WalkPath: []
