- Entities:
  - Argument1: 0
    Argument2: 0
    Command: 0
    Level: 0
    Medal: 0
    ObjectId: 351
    PositionX: -611.3707885742188
    PositionY: 235.92300415039062
    PositionZ: -731.3707885742188
    ReactionCommand: 0
    RotationX: 0
    RotationY: 2.356194496154785
    RotationZ: 0
    Serial: 75
    SpawnArgument: 0
    SpawnDelay: 0
    SpawnRange: 0
    SpawnType: 0
  - Argument1: 0
    Argument2: 0
    Command: 0
    Level: 0
    Medal: 0
    ObjectId: 566
    PositionX: 484.64459228515625
    PositionY: 242.98599243164062
    PositionZ: 364.64459228515625
    ReactionCommand: 0
    RotationX: 0
    RotationY: -0.7853981852531433
    RotationZ: 0
    Serial: 85
    SpawnArgument: 0
    SpawnDelay: 0
    SpawnRange: 0
    SpawnType: 0
  - Argument1: 0
    Argument2: 0
    Command: 0
    Level: 0
    Medal: 0
    ObjectId: 567
    PositionX: 626.0659790039062
    PositionY: 242.98599243164062
    PositionZ: 364.64471435546875
    ReactionCommand: 0
    RotationX: 0
    RotationY: -0.7853981852531433
    RotationZ: 0
    Serial: 86
    SpawnArgument: 0
    SpawnDelay: 0
    SpawnRange: 0
    SpawnType: 0
  - Argument1: 0
    Argument2: 0
    Command: 0
    Level: 0
    Medal: 0
    ObjectId: 568
    PositionX: 484.64459228515625
    PositionY: 251.10769653320312
    PositionZ: 506.0660095214844
    ReactionCommand: 0
    RotationX: 0
    RotationY: -0.7853981852531433
    RotationZ: 0
    Serial: 87
    SpawnArgument: 0
    SpawnDelay: 0
    SpawnRange: 0
    SpawnType: 0
  - Argument1: 0
    Argument2: 0
    Command: 0
    Level: 0
    Medal: 0
    ObjectId: 1524
    PositionX: -611.3707885742188
    PositionY: 235.92300415039062
    PositionZ: -731.3707885742188
    ReactionCommand: 0
    RotationX: 0
    RotationY: 2.356194496154785
    RotationZ: 0
    Serial: 75
    SpawnArgument: 0
    SpawnDelay: 0
    SpawnRange: 0
    SpawnType: 0
  EventActivators: []
  Flag: 0
  Id: 13
  ReturnParameters: []
  Signals: []
  Teleport:
    Door: 0
    Place: 0
    Unknown: 0
    World: 0
  Type: 1
  Unk20: 0
  Unk24: 0
  WalkPath: []
