- Entities:
  - Argument1: 0
    Argument2: 0
    Command: 0
    Level: 0
    Medal: 0
    ObjectId: 566
    PositionX: 2.9204258918762207
    PositionY: -650.114990234375
    PositionZ: 360
    ReactionCommand: 0
    RotationX: 0
    RotationY: -3.1415927410125732
    RotationZ: 0
    Serial: 56
    SpawnArgument: 0
    SpawnDelay: 0
    SpawnRange: 0
    SpawnType: 0
  - Argument1: 0
    Argument2: 0
    Command: 0
    Level: 0
    Medal: 0
    ObjectId: 567
    PositionX: -97.0795669555664
    PositionY: -650.114990234375
    PositionZ: 260
    ReactionCommand: 0
    RotationX: 0
    RotationY: -3.1415927410125732
    RotationZ: 0
    Serial: 57
    SpawnArgument: 0
    SpawnDelay: 0
    SpawnRange: 0
    SpawnType: 0
  - Argument1: 0
    Argument2: 0
    Command: 0
    Level: 0
    Medal: 0
    ObjectId: 568
    PositionX: 102.92040252685547
    PositionY: -650.114990234375
    PositionZ: 260
    ReactionCommand: 0
    RotationX: 0
    RotationY: -3.1415927410125732
    RotationZ: 0
    Serial: 58
    SpawnArgument: 0
    SpawnDelay: 0
    SpawnRange: 0
    SpawnType: 0
  - Argument1: 1
    Argument2: 0
    Command: 0
    Level: 0
    Medal: 0
    ObjectId: 1543
    PositionX: -28.273300170898438
    PositionY: -650.0770263671875
    PositionZ: 1194
    ReactionCommand: 0
    RotationX: 0
    RotationY: 0
    RotationZ: 0
    Serial: 59
    SpawnArgument: 0
    SpawnDelay: 0
    SpawnRange: 0
    SpawnType: 0
  - Argument1: 0
    Argument2: 0
    Command: 0
    Level: 0
    Medal: 0
    ObjectId: 1524
    PositionX: 2.9204258918762207
    PositionY: -650.114990234375
    PositionZ: 360
    ReactionCommand: 0
    RotationX: 0
    RotationY: -3.1415927410125732
    RotationZ: 0
    Serial: 56
    SpawnArgument: 0
    SpawnDelay: 0
    SpawnRange: 0
    SpawnType: 0
  EventActivators: []
  Flag: 0
  Id: 245
  ReturnParameters: []
  Signals: []
  Teleport:
    Door: 0
    Place: 0
    Unknown: 0
    World: 0
  Type: 1
  Unk20: 0
  Unk24: 0
  WalkPath: []
