- Entities:
  - Argument1: 0
    Argument2: 0
    Command: 0
    Level: 0
    Medal: 0
    ObjectId: 566
    PositionX: 8.682373046875
    PositionY: -354.74798583984375
    PositionZ: 4900.76123046875
    ReactionCommand: 0
    RotationX: 0
    RotationY: 0.1745329201221466
    RotationZ: 0
    Serial: 4
    SpawnArgument: 0
    SpawnDelay: 0
    SpawnRange: 0
    SpawnType: 0
  - Argument1: 0
    Argument2: 0
    Command: 0
    Level: 0
    Medal: 0
    ObjectId: 567
    PositionX: 89.79834747314453
    PositionY: -353.82940673828125
    PositionZ: 5016.60595703125
    ReactionCommand: 0
    RotationX: 0
    RotationY: 0.1745329201221466
    RotationZ: 0
    Serial: 5
    SpawnArgument: 0
    SpawnDelay: 0
    SpawnRange: 0
    SpawnType: 0
  - Argument1: 0
    Argument2: 0
    Command: 0
    Level: 0
    Medal: 0
    ObjectId: 568
    PositionX: -107.16320037841797
    PositionY: -352.18548583984375
    PositionZ: 4981.8759765625
    ReactionCommand: 0
    RotationX: 0
    RotationY: 0.1745329201221466
    RotationZ: 0
    Serial: 6
    SpawnArgument: 0
    SpawnDelay: 0
    SpawnRange: 0
    SpawnType: 0
  - Argument1: 0
    Argument2: 0
    Command: 0
    Level: 0
    Medal: 0
    ObjectId: 1113
    PositionX: 1224.219970703125
    PositionY: 143.3560028076172
    PositionZ: -1992.89501953125
    ReactionCommand: 0
    RotationX: 0
    RotationY: -2.96705961227417
    RotationZ: 0
    Serial: 7
    SpawnArgument: 0
    SpawnDelay: 0
    SpawnRange: 0
    SpawnType: 0
  - Argument1: 0
    Argument2: 0
    Command: 0
    Level: 0
    Medal: 0
    ObjectId: 1524
    PositionX: 8.682373046875
    PositionY: -354.74798583984375
    PositionZ: 4900.76123046875
    ReactionCommand: 0
    RotationX: 0
    RotationY: 0.1745329201221466
    RotationZ: 0
    Serial: 4
    SpawnArgument: 0
    SpawnDelay: 0
    SpawnRange: 0
    SpawnType: 0
  EventActivators: []
  Flag: 0
  Id: 23
  ReturnParameters: []
  Signals: []
  Teleport:
    Door: 0
    Place: 0
    Unknown: 0
    World: 0
  Type: 1
  Unk20: 0
  Unk24: 0
  WalkPath: []
