- Entities:
  - Argument1: 0
    Argument2: 0
    Command: 0
    Level: 0
    Medal: 0
    ObjectId: 566
    PositionX: 109.64469909667969
    PositionY: 1.5454310187124065e-06
    PositionZ: 109.64469909667969
    ReactionCommand: 0
    RotationX: 0
    RotationY: -0.7853981852531433
    RotationZ: 0
    Serial: 4
    SpawnArgument: 0
    SpawnDelay: 0
    SpawnRange: 0
    SpawnType: 0
  - Argument1: 0
    Argument2: 0
    Command: 0
    Level: 0
    Medal: 0
    ObjectId: 567
    PositionX: 251.0659942626953
    PositionY: -5.106600156068453e-07
    PositionZ: 109.64469909667969
    ReactionCommand: 0
    RotationX: 0
    RotationY: -0.7853981852531433
    RotationZ: 0
    Serial: 5
    SpawnArgument: 0
    SpawnDelay: 0
    SpawnRange: 0
    SpawnType: 0
  - Argument1: 0
    Argument2: 0
    Command: 0
    Level: 0
    Medal: 0
    ObjectId: 568
    PositionX: 109.64469909667969
    PositionY: 2.516602944524493e-05
    PositionZ: 251.0659942626953
    ReactionCommand: 0
    RotationX: 0
    RotationY: -0.7853981852531433
    RotationZ: 0
    Serial: 6
    SpawnArgument: 0
    SpawnDelay: 0
    SpawnRange: 0
    SpawnType: 0
  - Argument1: 0
    Argument2: 1
    Command: 0
    Level: 0
    Medal: 0
    ObjectId: 2357
    PositionX: -137.8426971435547
    PositionY: 1.132867964770412e-05
    PositionZ: -137.8426971435547
    ReactionCommand: 0
    RotationX: 0
    RotationY: 2.356194496154785
    RotationZ: 0
    Serial: 20
    SpawnArgument: 0
    SpawnDelay: 0
    SpawnRange: 0
    SpawnType: 3
  - Argument1: 0
    Argument2: 0
    Command: 0
    Level: 0
    Medal: 0
    ObjectId: 1524
    PositionX: 109.64469909667969
    PositionY: 1.5454310187124065e-06
    PositionZ: 109.64469909667969
    ReactionCommand: 0
    RotationX: 0
    RotationY: -0.7853981852531433
    RotationZ: 0
    Serial: 4
    SpawnArgument: 0
    SpawnDelay: 0
    SpawnRange: 0
    SpawnType: 0
  EventActivators: []
  Flag: 0
  Id: 32
  ReturnParameters: []
  Signals: []
  Teleport:
    Door: 0
    Place: 0
    Unknown: 0
    World: 0
  Type: 1
  Unk20: 0
  Unk24: 0
  WalkPath: []
