- Entities:
  - Argument1: 0
    Argument2: 0
    Command: 0
    Level: 0
    Medal: 0
    ObjectId: 566
    PositionX: -416.4685974121094
    PositionY: -150
    PositionZ: -1234.6669921875
    ReactionCommand: 0
    RotationX: 0
    RotationY: -0.2617993950843811
    RotationZ: 0
    Serial: 3
    SpawnArgument: 0
    SpawnDelay: 0
    SpawnRange: 0
    SpawnType: 0
  - Argument1: 0
    Argument2: 0
    Command: 0
    Level: 0
    Medal: 0
    ObjectId: 567
    PositionX: -293.9941101074219
    PositionY: -150
    PositionZ: -1163.9560546875
    ReactionCommand: 0
    RotationX: 0
    RotationY: -0.2617993950843811
    RotationZ: 0
    Serial: 4
    SpawnArgument: 0
    SpawnDelay: 0
    SpawnRange: 0
    SpawnType: 0
  - Argument1: 0
    Argument2: 0
    Command: 0
    Level: 0
    Medal: 0
    ObjectId: 568
    PositionX: -487.1792907714844
    PositionY: -150
    PositionZ: -1112.1920166015625
    ReactionCommand: 0
    RotationX: 0
    RotationY: -0.2617993950843811
    RotationZ: 0
    Serial: 5
    SpawnArgument: 0
    SpawnDelay: 0
    SpawnRange: 0
    SpawnType: 0
  - Argument1: 1
    Argument2: 0
    Command: 0
    Level: 0
    Medal: 0
    ObjectId: 126
    PositionX: -507.0552062988281
    PositionY: -150
    PositionZ: -1572.740966796875
    ReactionCommand: 0
    RotationX: 0
    RotationY: 2.879793167114258
    RotationZ: 0
    Serial: 6
    SpawnArgument: 0
    SpawnDelay: 0
    SpawnRange: 0
    SpawnType: 3
  - Argument1: 0
    Argument2: 0
    Command: 0
    Level: 0
    Medal: 0
    ObjectId: 1524
    PositionX: -416.4685974121094
    PositionY: -150
    PositionZ: -1234.6669921875
    ReactionCommand: 0
    RotationX: 0
    RotationY: -0.2617993950843811
    RotationZ: 0
    Serial: 3
    SpawnArgument: 0
    SpawnDelay: 0
    SpawnRange: 0
    SpawnType: 0
  EventActivators: []
  Flag: 0
  Id: 13
  ReturnParameters: []
  Signals: []
  Teleport:
    Door: 0
    Place: 0
    Unknown: 0
    World: 0
  Type: 1
  Unk20: 0
  Unk24: 0
  WalkPath: []
