- Entities:
  - Argument1: 0
    Argument2: 0
    Command: 0
    Level: 0
    Medal: 0
    ObjectId: 566
    PositionX: -741.9730224609375
    PositionY: -161.32110595703125
    PositionZ: 182.88099670410156
    ReactionCommand: 0
    RotationX: 0
    RotationY: 0.471238911151886
    RotationZ: 0
    Serial: 17
    SpawnArgument: 0
    SpawnDelay: 0
    SpawnRange: 0
    SpawnType: 0
  - Argument1: 0
    Argument2: 0
    Command: 0
    Level: 0
    Medal: 0
    ObjectId: 567
    PositionX: -698.2714233398438
    PositionY: -161.32110595703125
    PositionZ: 317.3807067871094
    ReactionCommand: 0
    RotationX: 0
    RotationY: 0.471238911151886
    RotationZ: 0
    Serial: 18
    SpawnArgument: 0
    SpawnDelay: 0
    SpawnRange: 0
    SpawnType: 0
  - Argument1: 0
    Argument2: 0
    Command: 0
    Level: 0
    Medal: 0
    ObjectId: 568
    PositionX: -876.4727172851562
    PositionY: -161.32110595703125
    PositionZ: 226.5825958251953
    ReactionCommand: 0
    RotationX: 0
    RotationY: 0.471238911151886
    RotationZ: 0
    Serial: 19
    SpawnArgument: 0
    SpawnDelay: 0
    SpawnRange: 0
    SpawnType: 0
  - Argument1: 1
    Argument2: 0
    Command: 0
    Level: 0
    Medal: 0
    ObjectId: 1607
    PositionX: -402.96490478515625
    PositionY: -137.9427947998047
    PositionZ: -444.0494079589844
    ReactionCommand: 0
    RotationX: 0
    RotationY: -2.670353651046753
    RotationZ: 0
    Serial: 22
    SpawnArgument: 0
    SpawnDelay: 0
    SpawnRange: 0
    SpawnType: 3
  - Argument1: 0
    Argument2: 0
    Command: 0
    Level: 0
    Medal: 0
    ObjectId: 1524
    PositionX: -741.9730224609375
    PositionY: -161.32110595703125
    PositionZ: 182.88099670410156
    ReactionCommand: 0
    RotationX: 0
    RotationY: 0.471238911151886
    RotationZ: 0
    Serial: 17
    SpawnArgument: 0
    SpawnDelay: 0
    SpawnRange: 0
    SpawnType: 0
  EventActivators: []
  Flag: 0
  Id: 26
  ReturnParameters: []
  Signals: []
  Teleport:
    Door: 0
    Place: 0
    Unknown: 0
    World: 0
  Type: 1
  Unk20: 0
  Unk24: 0
  WalkPath: []
