- Entities:
  - Argument1: 0
    Argument2: 0
    Command: 0
    Level: 0
    Medal: 0
    ObjectId: 566
    PositionX: -164.6446990966797
    PositionY: -90
    PositionZ: -139.6446990966797
    ReactionCommand: 0
    RotationX: 0
    RotationY: 2.356194496154785
    RotationZ: 0
    Serial: 28
    SpawnArgument: 0
    SpawnDelay: 0
    SpawnRange: 0
    SpawnType: 0
  - Argument1: 0
    Argument2: 0
    Command: 0
    Level: 0
    Medal: 0
    ObjectId: 567
    PositionX: -306.0660095214844
    PositionY: -90
    PositionZ: -139.6446990966797
    ReactionCommand: 0
    RotationX: 0
    RotationY: 2.356194496154785
    RotationZ: 0
    Serial: 29
    SpawnArgument: 0
    SpawnDelay: 0
    SpawnRange: 0
    SpawnType: 0
  - Argument1: 0
    Argument2: 0
    Command: 0
    Level: 0
    Medal: 0
    ObjectId: 568
    PositionX: -164.6446990966797
    PositionY: -90
    PositionZ: -281.0660095214844
    ReactionCommand: 0
    RotationX: 0
    RotationY: 2.356194496154785
    RotationZ: 0
    Serial: 30
    SpawnArgument: 0
    SpawnDelay: 0
    SpawnRange: 0
    SpawnType: 0
  - Argument1: 1
    Argument2: 0
    Command: 0
    Level: 0
    Medal: 0
    ObjectId: 2229
    PositionX: 82.84268188476562
    PositionY: -90
    PositionZ: 107.84269714355469
    ReactionCommand: 0
    RotationX: 0
    RotationY: -0.785398006439209
    RotationZ: 0
    Serial: 31
    SpawnArgument: 0
    SpawnDelay: 0
    SpawnRange: 0
    SpawnType: 3
  - Argument1: 0
    Argument2: 0
    Command: 0
    Level: 0
    Medal: 0
    ObjectId: 1524
    PositionX: -164.6446990966797
    PositionY: -90
    PositionZ: -139.6446990966797
    ReactionCommand: 0
    RotationX: 0
    RotationY: 2.356194496154785
    RotationZ: 0
    Serial: 28
    SpawnArgument: 0
    SpawnDelay: 0
    SpawnRange: 0
    SpawnType: 0
  EventActivators: []
  Flag: 0
  Id: 144
  ReturnParameters: []
  Signals: []
  Teleport:
    Door: 0
    Place: 0
    Unknown: 0
    World: 0
  Type: 1
  Unk20: 0
  Unk24: 0
  WalkPath: []
